1,C,S,O,1,2,1,1,2,1,2,0
2,D,S,O,1,3,1,1,2,1,2,0
3,C,S,O,1,3,1,1,2,1,1,0
4,D,S,O,1,3,1,1,2,1,2,0
5,D,A,O,1,3,1,1,2,1,2,0
6,D,A,O,1,2,1,1,2,1,2,0
7,D,A,O,1,2,1,1,2,1,1,0
8,D,A,O,1,2,1,1,2,1,2,0
9,D,K,O,1,3,1,1,2,1,2,0
10,C,R,O,1,3,1,1,2,1,1,0
11,B,X,O,1,3,1,1,2,1,1,0
12,D,S,O,1,2,1,1,2,1,1,0
13,C,H,I,1,3,1,1,2,1,2,0
14,D,R,O,1,3,1,1,2,1,1,0
15,B,X,O,1,2,1,1,2,1,1,0
16,B,X,O,1,3,1,1,2,1,1,0
17,D,K,I,1,3,1,1,2,1,2,0
18,D,S,O,1,2,1,1,2,1,2,0
19,D,R,O,1,2,1,1,2,1,1,0
20,C,A,I,1,2,1,1,2,1,2,0
21,C,S,O,1,2,1,1,2,1,1,0
22,B,X,O,1,3,1,1,2,1,1,0
23,F,K,I,1,3,1,2,2,1,2,0
24,B,X,O,1,2,1,1,2,1,1,0
25,H,R,X,1,2,1,1,1,1,2,0
26,B,X,I,1,3,1,1,2,1,1,0
27,C,R,I,1,3,1,1,2,1,2,0
28,B,X,O,1,3,1,1,2,1,1,0
29,B,X,O,1,3,1,1,2,1,2,0
30,D,A,I,1,3,1,2,2,1,2,0
31,D,A,O,1,3,1,1,2,1,2,1
32,B,X,O,1,3,1,1,2,1,1,0
33,D,A,I,1,3,1,1,2,1,2,0
34,B,X,O,1,3,1,1,2,1,2,0
35,D,R,O,1,3,1,1,2,1,2,0
36,D,A,O,1,2,1,1,2,1,1,0
37,C,A,I,1,3,1,1,2,1,1,0
38,D,A,I,1,2,1,2,2,1,1,1
39,D,A,I,2,2,3,1,2,1,2,0
40,D,A,I,1,2,1,2,2,1,2,0
41,B,X,O,1,3,1,1,2,1,1,0
42,D,R,O,1,1,1,1,2,1,1,0
43,D,A,I,1,2,1,1,2,1,1,0
44,D,S,O,1,1,1,1,2,1,1,0
45,D,S,I,1,3,1,1,2,1,1,0
46,D,A,I,1,3,1,2,2,1,2,1
47,D,A,I,2,3,1,2,2,1,1,0
48,D,A,I,1,2,1,2,2,1,1,0
49,B,X,O,1,2,1,1,2,1,1,0
50,D,S,O,1,3,1,2,2,1,2,0
51,D,S,O,1,3,1,1,2,1,1,0
52,B,X,O,1,3,1,1,2,1,1,0
53,D,A,O,1,3,1,2,2,1,2,0
54,D,K,C,2,3,1,2,2,1,2,1
55,D,A,I,1,3,1,2,2,1,2,0
56,B,X,O,1,3,1,1,2,1,1,0
57,D,A,O,1,3,1,2,2,1,2,0
58,D,S,I,1,3,1,1,2,1,1,0
59,D,K,C,1,2,1,1,2,1,2,0
60,D,A,I,1,2,1,1,2,1,2,0
61,B,X,O,1,3,1,1,2,1,1,0
62,D,S,O,1,2,1,2,2,1,2,0
63,D,K,C,2,3,3,2,2,1,2,1
64,E,K,I,2,3,1,2,2,1,2,0
65,D,S,I,1,3,1,2,2,1,2,1
66,C,S,O,1,2,1,2,2,1,2,0
67,D,S,I,1,3,1,2,2,1,2,0
68,H,H,X,1,2,1,2,2,1,1,1
69,D,S,I,1,3,1,2,2,1,2,0
70,B,X,O,1,3,1,1,2,1,1,0
71,B,X,O,1,3,1,1,2,1,1,0
72,C,R,O,1,3,1,1,2,1,1,0
73,H,S,X,1,2,1,1,1,1,2,0
74,D,A,O,1,2,1,2,2,1,2,0
75,D,K,C,2,2,3,2,2,1,2,0
76,D,K,I,1,3,1,2,2,1,2,1
77,D,S,I,1,2,1,2,2,1,1,1
78,C,A,O,1,2,1,2,2,1,2,0
79,D,S,O,1,1,1,2,2,1,2,0
80,H,S,X,1,3,1,2,2,1,2,0
81,D,K,I,1,3,1,2,2,1,2,0
82,H,R,X,1,2,1,1,2,1,2,0
83,B,X,O,1,2,1,1,2,1,1,0
84,H,S,X,1,3,1,1,1,1,2,0
85,C,S,O,1,1,1,2,2,1,2,0
86,D,K,C,2,2,3,2,2,1,2,0
87,D,A,I,1,2,1,2,2,1,2,0
88,C,S,O,2,2,1,2,2,1,1,0
89,C,S,O,1,2,1,2,2,1,2,0
90,C,S,O,1,2,1,2,2,1,2,0
91,C,S,O,2,3,1,2,2,1,2,0
92,D,K,I,1,3,1,2,2,1,2,1
93,H,R,X,1,2,1,1,2,1,2,0
94,H,S,X,1,3,1,1,1,1,2,0
95,C,S,O,1,2,1,1,2,1,2,1
96,C,K,O,1,2,3,2,2,1,2,0
97,C,S,O,1,1,3,2,2,1,2,0
98,C,S,O,1,1,1,2,2,1,2,0
99,C,K,I,1,3,1,2,2,1,2,0
100,E,A,C,1,3,1,2,2,1,2,0
101,H,R,X,1,2,1,1,2,1,2,0
102,H,S,X,1,2,1,1,1,1,2,0
103,H,R,X,1,2,1,1,2,1,2,0
104,H,S,X,2,2,1,1,2,1,2,0
105,B,X,O,1,3,1,1,2,1,2,0
106,C,S,I,1,2,1,2,2,1,2,0
107,H,S,X,1,1,1,2,2,1,2,1
108,D,K,C,1,3,3,2,2,1,2,1
109,D,A,I,2,2,3,2,2,1,2,0
110,H,S,X,1,2,1,1,2,1,2,0
111,B,X,O,1,2,1,1,2,1,1,0
112,C,S,I,2,3,3,1,2,1,1,1
113,C,S,O,1,1,1,1,2,1,2,1
114,H,K,X,2,2,3,2,2,1,2,0
115,D,K,I,1,3,1,2,2,1,2,0
116,H,A,X,1,3,1,1,2,1,2,0
117,C,R,O,1,1,1,1,2,1,2,0
118,C,R,O,1,3,1,1,2,1,2,0
119,B,X,O,1,3,1,1,2,1,1,0
120,B,X,O,1,3,1,1,2,1,1,1
121,H,K,X,1,3,1,2,2,1,2,0
122,C,K,I,1,3,1,2,2,1,2,0
123,H,S,X,1,2,1,1,2,1,2,0
124,B,X,O,1,3,1,1,2,1,1,0
125,C,R,I,2,3,3,1,2,1,2,0
126,H,R,X,1,2,3,1,2,1,2,0
127,B,X,O,1,3,1,1,2,1,1,0
128,D,R,O,1,3,1,1,2,1,2,0
129,H,K,X,1,2,1,2,2,1,2,0
130,D,K,I,1,2,1,2,2,1,2,0
131,H,H,X,1,3,1,1,2,1,2,0
132,B,X,I,1,3,1,1,2,1,1,0
133,B,X,O,1,3,1,1,2,1,1,0
134,B,X,I,1,3,1,1,2,1,1,0
135,D,R,O,2,2,1,1,2,1,2,1
136,H,A,X,1,3,1,2,2,1,2,0
137,C,K,O,1,2,1,2,2,1,2,0
138,H,S,X,1,2,1,1,2,1,2,0
139,B,X,O,1,2,1,1,2,1,1,0
140,B,X,O,1,2,1,1,2,1,1,1
141,C,R,O,1,3,1,1,2,1,1,0
142,B,X,I,1,3,1,1,2,1,1,0
143,C,A,O,1,3,1,2,2,1,2,0
144,C,K,I,1,2,1,2,2,1,2,0
145,H,S,X,1,2,1,1,2,1,2,0
146,D,S,I,1,3,1,1,2,1,1,0
147,B,X,O,1,2,1,1,2,1,1,0
148,B,X,O,2,2,1,1,2,1,1,0
149,H,S,X,1,2,1,1,1,1,2,0
150,H,A,X,1,3,1,1,2,1,2,0
151,C,K,I,1,3,1,2,2,1,2,1
152,B,X,O,1,3,1,1,2,1,2,0
153,H,S,X,1,3,1,1,1,1,2,0
154,C,S,O,1,3,1,1,2,1,2,1
155,C,A,I,1,3,1,1,2,1,2,0
156,H,S,X,1,3,1,1,1,1,2,0
157,D,S,O,1,3,1,1,2,1,2,1
158,C,S,O,1,2,3,2,2,1,2,0
159,B,X,O,1,2,1,1,2,1,1,0
160,H,S,X,1,2,1,1,1,1,2,0
161,C,S,O,1,3,1,1,2,1,2,0
162,C,S,O,1,3,1,1,2,1,2,0
163,H,A,X,1,3,1,1,1,1,2,1
164,B,X,O,2,1,1,1,2,1,1,1
165,H,R,X,1,2,1,1,1,1,2,0
166,C,S,O,2,2,1,2,2,1,2,1
167,H,S,X,1,3,1,1,1,1,2,0
168,H,S,X,2,2,3,1,2,1,2,0
169,C,S,O,1,2,1,1,2,1,2,0
170,C,A,I,1,3,1,1,2,1,2,0
171,E,S,I,1,3,1,1,2,1,2,1
172,B,X,O,1,2,1,1,2,1,1,0
173,D,S,O,1,2,1,1,2,1,2,1
174,C,S,O,1,1,1,2,2,1,2,0
175,C,S,O,1,2,1,1,2,1,2,0
176,H,S,X,1,1,1,1,2,1,2,0
177,C,S,O,1,2,1,1,2,1,2,0
178,C,S,I,2,2,1,1,2,1,2,0
179,D,S,O,1,2,1,2,2,1,2,1
180,D,S,O,1,3,1,1,2,1,2,1
181,B,X,O,1,3,1,1,2,1,2,0
182,C,A,O,1,3,1,1,2,1,2,0
183,C,S,O,1,3,1,1,2,1,2,0
184,C,R,I,1,3,1,1,2,1,2,0
185,B,X,O,1,2,3,2,2,1,2,0
186,B,X,I,2,3,1,1,2,1,2,1
187,D,H,O,1,2,1,1,2,1,2,0
188,H,S,X,1,1,1,1,2,1,2,0
189,H,R,X,1,2,1,1,2,1,2,0
190,H,A,X,1,2,1,1,2,1,2,0
191,C,R,I,1,2,1,1,2,1,2,0
192,C,R,O,2,1,1,1,2,1,2,0
193,D,K,O,1,3,1,1,2,1,2,1
194,D,R,O,1,2,1,1,2,1,2,0
195,H,S,X,1,2,1,1,2,1,2,0
196,B,X,O,1,2,1,1,2,1,1,0
197,B,X,I,1,3,1,1,2,1,2,0
198,B,X,O,1,3,1,1,2,1,1,0
199,C,S,O,1,3,1,1,2,1,2,1
200,D,A,I,1,3,1,1,2,1,2,0
201,B,X,O,1,3,1,1,2,1,2,1
202,B,X,O,1,2,1,1,2,1,2,0
203,B,X,I,1,3,1,1,2,1,1,0
204,B,X,I,1,3,1,1,2,1,1,0
205,D,A,I,1,3,1,1,2,1,2,0
206,C,H,I,2,3,1,1,2,1,2,0
207,D,K,O,1,3,1,2,2,1,2,1
208,B,X,O,1,3,1,1,2,1,2,1
209,C,K,I,1,3,1,1,2,1,1,0
210,C,A,O,1,2,1,1,2,1,2,0
211,D,A,I,1,2,1,1,2,1,2,0
212,B,X,O,1,3,1,1,2,1,2,0
213,B,X,I,1,3,1,1,2,1,2,0
214,B,X,O,1,3,1,1,2,1,2,1
215,B,X,I,1,2,1,2,2,1,2,0
216,B,X,I,1,3,1,1,2,1,1,0
217,C,A,I,1,3,1,2,2,1,2,0
218,C,H,I,2,2,3,1,2,1,2,1
219,F,K,I,1,2,1,2,2,1,2,1
220,C,R,O,1,2,3,1,2,1,2,0
221,E,A,O,1,2,1,1,2,1,2,0
222,C,S,O,1,1,1,1,2,1,2,0
223,D,A,I,1,3,1,2,2,1,2,0
224,B,X,O,2,3,1,1,2,1,2,1
225,C,R,O,1,3,1,1,2,1,2,0
226,D,S,I,1,2,1,2,2,1,2,0
227,H,A,X,1,3,1,1,1,1,2,0
228,B,X,O,1,2,1,1,2,1,1,0
229,C,A,O,1,3,1,2,2,1,2,0
230,D,H,I,1,3,1,1,2,1,2,0
231,F,A,I,2,3,1,2,2,1,2,0
232,E,K,O,1,3,1,1,2,1,2,1
233,H,S,X,1,3,1,1,2,1,2,0
234,D,K,C,1,3,1,2,2,1,2,0
235,B,X,O,1,3,1,1,2,1,1,0
236,B,X,O,2,2,3,1,2,1,1,0
237,D,A,I,1,3,1,1,2,1,2,0
238,C,A,I,1,3,1,2,2,1,2,0
239,H,R,X,1,2,1,1,1,1,2,0
240,C,R,O,1,1,1,2,2,1,1,0
241,D,H,I,2,3,3,2,2,1,2,0
242,E,K,I,2,2,3,2,2,1,2,1
243,E,K,I,1,3,1,1,2,1,2,0
244,C,S,O,1,2,1,1,2,1,2,0
245,D,K,C,1,3,1,2,2,1,2,1
246,B,X,O,1,3,1,1,2,1,1,0
247,B,X,O,2,2,3,1,2,1,1,0
248,D,S,O,1,3,1,2,2,1,2,0
249,H,R,X,1,3,1,1,2,1,2,0
250,H,A,X,1,3,1,2,2,1,2,0
251,H,R,X,1,2,1,1,1,1,2,0
252,H,S,X,1,3,1,1,2,1,2,0
253,C,R,I,1,3,1,1,2,1,2,0
254,C,H,I,1,2,1,2,2,1,2,1
255,F,A,I,1,3,1,2,2,1,2,1
256,E,K,I,2,3,1,2,2,1,2,0
257,H,S,X,1,2,1,1,2,1,2,0
258,D,K,C,1,3,1,2,2,1,2,1
259,D,S,I,1,3,1,2,2,1,2,0
260,H,A,X,1,3,1,2,2,1,2,1
261,H,R,X,1,2,1,1,1,1,1,0
262,H,S,X,1,2,1,1,2,1,2,0
263,B,X,O,1,3,1,1,2,1,2,0
264,C,H,O,1,2,1,2,2,1,2,0
265,F,A,I,2,3,3,2,2,1,2,1
266,E,K,C,1,3,1,2,2,1,2,1
267,C,S,O,1,3,1,1,2,1,2,0
268,D,K,C,2,3,1,2,2,2,2,1
269,C,S,O,1,2,1,2,2,1,2,0
270,C,R,O,1,2,1,2,2,1,1,0
271,B,X,O,1,3,1,1,2,1,1,0
272,H,R,X,1,3,1,1,2,1,2,0
273,E,A,I,1,3,1,1,2,1,2,0
274,B,X,O,1,2,1,1,2,1,1,0
275,H,S,X,2,3,1,2,2,1,2,0
276,E,A,I,2,2,3,2,2,1,2,0
277,E,K,I,1,2,1,2,2,1,2,1
278,H,S,X,1,3,1,1,2,1,2,0
279,D,K,C,2,3,3,2,2,2,2,1
280,C,S,I,1,2,1,2,2,1,1,0
281,B,X,O,1,3,1,1,2,1,1,0
282,E,A,I,1,3,1,2,2,1,2,0
283,B,X,O,1,3,1,1,2,1,1,0
284,H,K,X,1,2,1,2,2,1,2,0
285,F,K,I,1,3,3,2,2,2,2,0
286,E,A,I,2,2,3,2,2,1,2,1
287,H,H,X,1,3,1,1,2,1,2,0
288,D,K,C,2,2,1,2,2,2,2,1
289,C,A,O,1,3,1,2,2,1,2,0
290,E,K,I,1,3,1,1,2,1,2,0
291,H,S,X,1,2,1,2,2,1,2,0
292,F,S,O,1,2,1,2,2,1,2,0
293,E,A,I,2,2,1,2,2,1,2,1
294,H,S,X,1,2,1,1,2,1,2,0
295,D,K,C,2,2,3,2,2,2,2,1
296,H,S,X,1,1,1,2,2,1,2,0
297,E,S,I,1,3,1,1,2,1,2,0
298,H,S,X,1,2,1,2,2,1,2,0
299,F,S,O,1,2,1,2,2,1,2,0
300,E,S,O,2,2,3,2,2,1,2,1
301,H,S,X,1,2,1,1,2,1,2,0
302,D,K,C,2,2,1,2,2,2,2,1
303,H,S,X,1,2,1,2,2,1,2,0
304,C,S,O,1,2,1,2,2,1,2,0
305,B,X,O,1,3,1,1,2,1,1,0
306,B,X,O,1,3,1,1,2,1,1,0
307,H,S,X,1,3,1,1,1,1,2,0
308,H,S,X,1,2,1,2,2,1,2,0
309,E,A,O,2,3,1,2,2,1,2,0
310,H,S,X,1,3,1,1,2,1,2,0
311,D,K,C,2,2,3,2,2,2,2,1
312,H,S,X,1,3,1,2,2,1,2,0
313,C,A,O,1,2,1,2,2,1,2,0
314,D,A,O,1,3,1,1,2,1,2,0
315,D,S,O,1,3,1,1,2,1,2,0
316,C,S,O,1,1,3,2,2,1,2,0
317,H,S,X,1,2,1,1,2,1,2,0
318,D,K,C,2,3,3,2,2,2,2,0
319,C,R,O,1,2,1,2,2,1,2,0
320,D,R,O,1,3,1,1,2,1,2,0
321,E,A,O,1,3,1,1,2,1,2,0
322,C,R,O,1,3,1,1,2,1,1,0
323,E,K,C,1,3,1,1,2,2,2,1
324,H,A,X,1,3,1,1,1,1,1,0
325,D,R,O,1,3,1,1,2,1,1,0
326,C,S,O,1,3,1,1,2,1,1,0
327,H,R,X,1,2,1,1,1,1,1,0
328,H,S,X,1,1,1,1,2,1,1,0
329,C,A,O,1,2,1,1,2,1,1,0
330,B,X,O,1,3,1,1,2,1,1,0
331,C,A,O,1,3,1,1,2,1,1,0
332,C,A,O,1,2,1,1,2,1,1,1
333,B,X,O,1,3,1,1,2,1,1,0
334,C,A,O,1,2,1,1,2,1,1,0
335,B,X,O,1,3,1,1,2,1,1,0
336,B,X,I,1,2,1,1,2,1,1,0
337,C,S,O,2,2,1,1,2,1,1,0
338,B,X,O,1,3,1,1,2,1,1,0
339,B,X,O,1,2,1,1,2,1,1,0
340,D,R,I,1,3,1,1,2,1,1,1
341,H,S,X,1,3,1,1,2,1,1,0
342,B,X,O,1,2,1,1,2,1,1,0
343,B,X,O,1,2,1,2,2,1,1,0
344,H,S,X,1,2,1,1,2,1,1,0
345,B,X,O,1,3,1,1,2,1,1,0
346,B,X,O,2,2,1,2,2,1,1,0
347,C,R,O,1,3,1,1,2,1,1,1
348,B,X,O,1,2,1,2,2,1,1,0
349,B,X,O,1,3,1,1,2,1,1,0
350,D,A,I,2,3,1,1,2,1,1,1
351,B,X,O,1,3,1,1,2,1,1,0
352,D,R,O,1,3,1,1,2,1,1,0
353,B,X,O,1,3,1,1,2,1,1,0
354,B,X,O,1,1,1,2,2,1,1,0
355,B,X,O,1,1,1,1,2,1,1,0
356,C,R,I,2,1,1,2,2,1,1,0
357,B,X,O,1,3,1,1,2,1,1,0
358,D,R,I,1,3,1,2,2,1,1,0
359,B,X,O,1,2,1,1,2,1,1,0
360,C,R,O,1,3,1,1,2,1,1,0
361,E,A,C,1,3,1,1,2,1,1,1
362,H,A,X,1,2,1,1,1,1,1,1
363,B,X,O,1,2,1,2,2,1,1,1
364,B,X,O,1,3,1,1,2,1,1,0
365,B,X,O,1,2,1,1,2,1,1,0
366,D,K,I,2,3,1,2,2,1,1,1
367,E,A,I,2,2,1,1,2,1,1,1
368,D,A,I,1,3,1,2,2,1,1,0
369,B,X,O,1,3,1,1,2,1,1,0
370,H,R,X,1,2,1,1,2,1,1,0
371,C,R,O,1,2,1,1,2,1,1,0
372,D,A,O,2,3,3,2,2,1,1,1
373,E,S,O,2,3,1,2,2,1,1,1
374,C,R,O,1,3,1,1,2,1,1,0
375,E,S,I,2,3,1,2,2,1,1,0
376,C,R,O,1,3,1,1,2,1,1,0
377,D,A,I,2,3,1,2,2,1,1,0
378,E,A,I,2,3,1,2,2,1,1,1
379,H,S,X,1,3,1,1,1,1,1,0
380,D,A,O,1,3,1,1,2,1,1,1
381,D,R,O,1,3,1,1,2,1,1,1
382,D,S,O,1,3,1,2,2,1,1,0
383,B,X,O,1,2,1,1,2,1,1,0
384,D,A,I,2,2,1,2,2,1,1,0
385,E,A,I,2,3,3,2,2,1,1,1
386,H,S,X,1,1,1,1,1,1,1,0
387,D,S,I,2,3,1,1,2,1,1,0
388,D,S,O,2,3,2,1,2,1,1,1
389,D,R,O,1,3,1,1,2,1,1,0
390,D,S,O,1,3,1,2,2,1,1,0
391,D,S,O,1,3,1,1,2,1,1,0
392,D,S,O,1,2,1,2,2,1,1,0
393,E,K,C,2,3,3,2,2,2,1,1
394,H,R,X,1,3,1,1,1,1,1,0
395,D,A,O,1,2,1,2,2,1,1,1
396,C,S,I,1,3,1,1,2,1,1,1
397,C,S,O,1,2,1,1,2,1,1,0
398,B,X,O,1,3,1,1,2,1,1,1
399,B,X,O,1,3,1,1,2,1,1,0
400,D,S,O,1,2,1,2,2,1,1,1
401,D,A,I,1,3,1,1,2,1,1,0
402,D,S,O,1,2,1,2,2,1,1,0
403,F,K,C,2,3,1,2,2,2,1,0
404,D,A,I,1,3,1,2,2,1,1,0
405,C,R,O,1,2,1,1,2,1,1,0
406,C,R,O,1,3,1,1,2,1,1,0
407,B,X,O,1,3,1,1,2,1,1,1
408,D,S,O,1,2,1,2,2,1,1,0
409,H,A,X,1,2,1,2,2,1,1,0
410,D,A,O,1,3,1,2,2,1,1,0
411,F,K,C,2,2,1,2,2,1,1,1
412,D,S,I,2,2,1,2,2,1,1,0
413,B,X,O,1,2,1,1,2,1,1,0
414,C,R,O,1,3,1,1,2,1,1,0
415,B,X,O,1,3,1,1,2,1,1,1
416,B,X,O,1,3,1,1,2,1,1,0
417,D,S,O,1,2,1,1,2,1,1,1
418,H,R,X,1,2,1,2,2,1,1,0
419,H,A,X,1,2,1,2,2,1,1,0
420,C,S,O,1,2,1,2,2,1,1,0
421,F,A,I,1,2,1,2,2,2,1,1
422,D,S,O,1,2,1,2,2,1,1,1
423,C,R,O,1,2,1,1,2,1,1,0
424,D,A,C,2,3,1,1,2,1,1,1
425,B,X,O,1,1,1,1,2,1,1,0
426,E,A,I,2,3,1,1,2,1,1,1
427,H,A,X,1,2,1,2,2,1,1,0
428,C,S,O,1,3,1,2,2,1,1,1
429,F,A,C,2,3,1,2,2,2,1,1
430,D,S,O,1,2,1,2,2,1,1,0
431,D,A,I,2,3,1,2,2,1,1,1
432,B,X,O,1,3,1,1,2,1,1,0
433,E,A,I,2,3,1,2,2,1,1,0
434,D,S,O,2,3,1,2,2,1,1,0
435,F,A,I,2,2,1,2,2,1,1,1
436,H,S,X,1,1,1,2,2,1,1,1
437,D,A,I,2,2,1,2,2,1,1,0
438,B,X,O,1,2,1,1,2,1,1,0
439,E,S,I,2,2,1,2,2,1,1,0
440,H,S,X,1,2,1,1,1,1,1,0
441,F,A,C,2,2,1,2,2,1,1,1
442,H,S,X,1,2,1,2,2,1,1,0
443,E,A,O,1,2,1,2,2,1,1,1
444,E,A,I,1,2,1,2,2,1,1,1
445,B,X,O,1,3,1,1,2,1,1,0
446,C,S,O,1,3,1,1,2,1,1,1
447,H,S,X,1,2,1,2,2,1,1,0
448,F,A,I,2,2,1,2,2,1,1,0
449,E,A,O,1,2,1,2,2,1,1,0
450,E,S,I,1,2,1,2,2,1,1,0
451,E,A,O,1,3,1,1,2,1,1,1
452,H,S,X,1,2,1,1,1,1,1,0
453,E,S,O,1,1,1,2,2,1,1,0
454,E,S,I,2,3,1,2,2,1,1,0
455,C,S,O,2,2,1,1,2,1,1,1
456,E,S,O,1,2,1,1,2,1,1,0
457,E,A,I,1,2,1,2,2,1,1,0
458,H,S,X,1,2,1,1,2,1,1,1
459,E,A,O,1,3,1,1,2,1,1,0
460,H,H,X,1,2,1,1,1,1,1,0
461,B,X,O,1,3,1,1,2,1,1,0
462,C,R,O,1,3,1,1,2,1,1,0
463,E,S,I,1,2,1,2,2,1,1,0
464,C,S,O,2,3,1,1,2,1,1,0
465,E,S,O,1,3,1,1,2,1,1,0
466,H,H,X,1,3,1,1,1,1,1,0
467,B,X,O,1,3,1,1,2,1,1,0
468,H,S,X,1,2,1,1,1,1,1,1
469,B,X,O,1,3,1,1,2,1,1,0
470,C,R,O,1,2,1,1,2,1,1,1
471,D,R,O,1,2,1,1,2,1,1,0
472,E,S,O,1,2,1,2,2,1,1,0
473,C,S,O,2,2,1,1,2,1,1,0
474,E,S,O,1,3,1,1,2,1,1,0
475,C,H,O,1,3,1,1,2,1,1,0
476,B,X,O,1,1,1,1,2,1,1,0
477,H,S,X,1,2,1,1,1,1,1,0
478,B,X,O,1,3,1,1,2,1,1,0
479,E,R,C,2,3,1,1,2,1,1,0
480,D,R,I,1,3,1,1,2,1,1,0
481,H,S,X,1,1,1,2,2,1,1,0
482,C,S,O,1,2,1,1,2,1,1,0
483,E,S,O,1,2,1,1,2,1,1,1
484,C,K,O,1,2,1,1,2,1,1,1
485,H,S,X,2,2,1,1,1,1,1,0
486,B,X,O,1,2,1,1,2,1,1,0
487,E,K,C,1,3,1,2,2,1,1,1
488,E,A,I,1,3,1,2,2,1,1,0
489,C,R,O,1,3,1,1,2,1,1,0
490,H,R,X,1,1,1,2,2,1,1,0
491,H,S,X,1,2,1,1,2,1,1,0
492,E,S,O,1,2,1,1,2,1,1,0
493,C,S,O,1,3,1,1,2,1,1,0
494,H,S,X,1,2,1,1,1,1,1,0
495,E,K,C,1,3,1,2,2,2,1,1
496,E,R,O,1,3,1,2,2,2,1,0
497,H,S,X,1,3,1,1,1,1,1,0
498,H,S,X,1,1,1,1,2,1,1,0
499,D,S,O,2,2,1,1,2,1,1,0
500,C,S,O,2,1,1,1,2,1,1,0
501,H,S,X,1,1,1,1,1,1,1,0
502,B,X,O,1,3,1,1,2,1,1,0
503,E,A,C,2,1,3,2,2,1,1,1
504,E,A,O,1,1,1,2,2,1,1,1
505,H,R,X,1,3,1,1,2,1,1,0
506,H,S,X,1,2,1,1,1,1,1,0
507,H,S,X,1,2,1,1,1,1,1,0
508,H,S,X,1,3,1,1,2,1,1,0
509,H,S,X,1,3,1,1,2,1,1,1
510,H,H,X,1,3,1,1,2,1,1,0
511,H,S,X,1,3,1,1,1,1,1,0
512,F,K,C,2,3,3,2,2,2,1,1
513,E,A,O,2,2,1,2,2,1,1,1
514,D,S,O,1,3,1,1,2,1,1,1
515,H,S,X,1,3,1,1,1,1,1,0
516,C,S,O,1,3,1,1,2,1,1,0
517,H,S,X,1,2,1,1,2,1,1,0
518,H,S,X,1,2,1,1,2,1,1,0
519,C,H,O,1,3,1,1,2,1,1,1
520,B,X,O,1,1,1,1,2,1,1,0
521,F,K,C,2,3,1,2,2,2,1,0
522,E,A,O,2,2,1,2,2,1,1,0
523,D,S,I,1,3,1,1,2,1,1,0
524,H,S,X,1,3,1,1,1,1,1,0
525,C,R,I,1,3,1,1,2,1,1,0
526,D,A,O,1,3,1,1,2,1,1,1
527,H,S,X,1,2,1,1,2,1,1,0
528,C,S,O,2,3,1,1,2,1,1,1
529,C,S,O,1,2,1,1,2,1,1,0
530,F,K,I,2,2,1,2,2,2,1,1
531,E,R,O,2,2,1,2,2,1,1,0
532,C,R,I,1,3,1,1,2,1,1,0
533,D,R,O,1,3,1,1,2,1,1,0
534,D,A,I,1,3,1,1,2,1,1,1
535,D,S,O,1,3,1,1,2,1,1,1
536,C,S,O,1,3,1,1,2,1,1,0
537,H,S,X,1,1,1,1,2,1,1,0
538,H,S,X,2,2,1,1,2,1,1,0
539,F,A,I,1,2,1,2,2,1,1,1
540,C,R,I,1,3,1,1,2,1,1,1
541,D,S,O,1,3,1,1,2,1,1,0
542,C,S,I,2,2,1,2,2,1,1,0
543,D,A,O,2,3,1,1,2,1,1,0
544,C,S,O,1,2,1,1,2,1,1,1
545,H,S,X,1,2,1,1,2,1,1,0
546,H,S,X,1,3,1,1,2,1,1,0
547,F,A,I,2,2,1,2,2,1,1,1
548,D,R,I,2,2,1,1,2,1,1,0
549,D,A,I,1,3,1,1,2,1,1,0
550,D,A,O,2,2,3,2,2,1,1,0
551,D,A,O,1,2,1,1,2,1,1,0
552,D,R,O,1,3,1,1,2,1,1,1
553,H,S,X,1,2,1,1,2,1,1,0
554,H,S,X,1,2,1,1,2,1,1,0
555,F,K,I,2,3,1,2,2,2,1,1
556,D,A,I,1,2,1,2,2,1,1,0
557,D,A,I,1,3,1,2,2,1,1,0
558,B,X,I,1,2,1,2,2,1,1,1
559,D,A,O,1,3,1,1,2,1,1,0
560,D,A,O,2,3,1,1,2,1,1,0
561,C,R,O,1,3,1,1,2,1,1,0
562,B,X,O,1,3,1,1,2,1,1,1
563,B,X,O,1,2,1,1,2,1,1,0
564,H,S,X,1,3,1,1,2,1,1,0
565,H,S,X,1,2,1,1,2,1,1,0
566,F,K,I,2,2,3,2,2,1,1,0
567,D,R,C,1,3,1,2,2,1,1,1
568,D,A,I,1,2,1,2,2,1,1,0
569,H,S,X,1,1,1,2,2,1,1,0
570,D,A,O,1,2,1,1,2,1,1,0
571,D,A,O,2,3,1,1,2,1,1,0
572,D,R,O,1,2,1,1,2,1,1,0
573,B,X,O,1,2,1,1,2,1,1,0
574,C,R,O,1,2,1,1,2,1,1,0
575,B,X,I,1,3,1,1,2,1,1,0
576,H,R,X,1,2,1,1,1,1,1,0
577,H,S,X,1,2,1,1,1,1,1,0
578,F,S,O,1,1,1,2,2,1,1,0
579,D,R,I,2,2,1,2,2,1,1,0
580,C,R,O,1,2,1,2,2,1,1,1
581,H,A,X,2,3,2,2,2,1,1,0
582,H,A,X,1,2,1,1,2,1,1,0
583,D,A,I,1,2,1,1,2,1,1,0
584,H,S,X,1,1,1,1,2,1,1,0
585,D,R,O,1,3,1,1,2,1,1,0
586,D,R,O,1,3,1,1,2,1,1,0
587,C,R,O,1,3,1,1,2,1,1,0
588,H,S,X,1,2,1,2,1,1,1,0
589,C,R,O,1,3,1,1,2,1,1,0
590,D,R,O,1,3,1,1,2,1,1,0
591,C,R,O,1,1,1,2,2,1,1,0
592,H,S,X,1,2,1,2,2,1,1,0
593,H,A,X,1,3,1,1,2,1,1,0
594,D,S,I,1,2,1,2,2,1,1,1
595,B,X,O,1,3,1,1,2,1,1,0
596,B,X,I,1,3,1,1,2,1,1,0
597,D,S,I,1,3,1,1,2,1,1,0
598,H,R,X,1,3,1,1,2,1,1,0
599,H,A,X,1,2,1,2,1,1,1,0
600,H,R,X,1,2,1,1,2,1,1,0
601,B,X,O,1,3,1,1,2,1,1,0
602,B,X,O,1,3,1,1,2,1,1,0
603,B,X,O,1,3,1,1,2,1,1,0
604,C,S,O,1,2,1,2,2,1,1,0
605,B,X,O,2,1,1,2,2,1,1,0
606,H,R,X,1,2,1,2,2,1,1,0
607,D,R,O,1,1,1,1,2,1,1,0
608,D,S,O,1,2,1,2,2,1,1,0
609,B,X,O,1,2,1,1,2,1,1,0
610,C,R,O,1,1,1,1,2,1,1,0
611,C,R,O,1,2,1,2,2,1,1,0
612,C,R,O,1,3,1,1,2,1,1,0
613,C,A,O,1,3,1,2,2,1,1,0
614,H,S,X,1,3,1,1,2,1,1,0
615,C,R,O,1,3,1,1,2,1,1,0
616,H,R,X,1,1,1,1,2,1,1,0
617,C,R,I,1,3,1,1,2,1,1,1
618,D,A,O,1,3,1,2,2,1,1,0
619,B,X,O,1,3,1,1,2,1,1,0
620,H,R,X,1,3,1,1,2,1,1,0
621,C,S,O,2,2,3,2,2,1,1,1
622,H,R,X,1,3,1,1,2,1,1,0
623,C,R,O,1,2,1,2,2,1,1,0
624,C,R,O,1,2,1,1,2,1,1,0
625,H,A,X,1,2,1,2,2,1,1,0
626,C,R,O,1,3,1,1,2,1,1,0
627,B,X,O,1,3,1,1,2,1,1,0
628,D,R,I,1,3,1,1,2,1,1,1
629,H,A,X,1,2,1,2,2,1,1,1
630,C,R,O,1,3,1,1,2,1,1,0
631,H,S,X,1,3,1,2,2,1,1,0
632,B,X,O,1,2,1,1,2,1,1,0
633,H,S,X,1,2,1,1,2,1,1,0
634,C,S,O,1,2,1,2,2,1,1,0
635,C,R,O,1,1,1,1,2,1,1,0
636,H,R,X,1,3,1,1,2,1,1,0
637,E,A,I,2,3,1,2,2,1,1,1
638,D,R,I,1,2,1,2,2,1,1,0
639,C,R,O,1,2,1,1,2,1,1,0
640,B,X,O,1,3,1,1,2,1,1,0
641,C,S,O,1,2,1,1,2,1,1,1
642,H,S,X,2,2,1,2,2,1,1,0
643,B,X,O,1,3,1,1,2,1,1,0
644,C,S,O,1,3,1,2,2,1,1,0
645,D,A,I,1,3,1,1,2,1,1,0
646,E,A,I,2,2,1,2,2,1,1,0
647,D,R,I,2,3,2,2,2,1,1,0
648,C,S,O,1,3,1,1,2,1,1,1
649,H,S,X,1,2,1,2,2,1,1,0
650,C,A,O,1,2,1,2,2,1,1,0
651,C,R,O,1,2,1,2,2,1,1,0
652,C,A,I,1,2,1,2,2,1,1,0
653,B,X,O,1,2,1,2,2,1,1,0
654,D,A,I,2,3,1,1,2,1,1,0
655,C,R,O,1,3,1,1,2,1,1,0
656,B,X,O,1,3,1,1,2,1,1,0
657,H,S,X,1,2,1,2,2,1,1,0
658,C,A,O,1,3,1,2,2,1,1,0
659,D,R,I,1,2,1,2,2,1,1,0
660,C,R,O,1,2,1,2,2,1,1,0
661,B,X,I,1,3,1,2,2,1,1,0
662,D,A,I,2,3,3,2,2,1,1,1
663,D,R,O,1,3,1,1,2,1,1,1
664,B,X,O,1,3,1,1,2,1,1,0
665,D,R,O,1,3,1,1,2,1,1,0
666,H,A,X,1,2,1,2,2,1,1,0
667,B,X,O,1,1,1,2,2,1,1,0
668,C,A,O,1,2,1,2,2,1,1,0
669,D,A,I,1,2,1,2,2,1,1,1
670,C,R,O,1,1,1,1,2,1,1,0
671,C,R,O,1,1,1,1,2,1,1,0
672,H,A,X,1,2,1,2,2,1,1,0
673,C,R,O,1,2,1,2,2,1,1,0
674,D,S,O,2,3,1,2,2,1,1,1
675,B,X,O,2,3,1,1,2,1,1,0
676,C,S,O,1,3,1,1,2,1,1,0
677,B,X,O,1,3,1,1,2,1,1,0
678,B,X,O,1,3,1,1,2,1,1,0
679,H,S,X,1,2,1,2,2,1,1,0
680,D,A,I,2,2,1,2,2,1,1,1
681,H,R,X,1,2,1,1,2,1,1,0
682,D,R,O,1,2,1,1,2,1,1,0
683,H,R,X,1,2,1,1,2,1,1,0
684,H,S,X,1,2,1,1,1,1,1,0
685,H,S,X,1,3,1,2,2,1,1,0
686,D,K,I,2,3,2,2,2,1,1,1
687,B,X,O,1,2,1,1,2,1,1,0
688,B,X,I,1,2,1,1,2,1,1,0
689,B,X,O,1,2,1,1,2,1,1,0
690,H,S,X,1,2,1,1,1,1,1,0
691,B,X,O,1,3,1,1,2,1,1,0
692,H,S,X,1,2,1,1,1,1,1,1
693,D,K,I,1,3,1,2,2,1,1,1
694,B,X,O,1,1,1,1,2,1,1,0
695,B,X,O,1,3,1,1,2,1,1,0
696,H,S,X,1,2,1,1,1,1,1,0
697,C,S,O,2,3,3,1,2,1,1,1
698,B,X,O,1,3,1,1,2,1,1,0
699,D,R,O,1,2,1,1,2,1,1,0
700,D,K,I,2,3,1,2,2,1,1,1
701,B,X,O,1,3,1,1,2,1,1,0
702,H,S,X,1,2,1,1,1,1,1,0
703,C,S,O,1,3,1,1,2,1,1,0
704,B,X,O,1,3,1,1,2,1,1,0
705,D,R,O,1,3,1,1,2,1,1,0
706,C,R,O,1,3,1,1,2,1,1,0
707,D,R,O,1,3,1,1,2,1,1,0
708,D,K,I,2,2,1,2,2,1,1,1
709,D,A,I,1,3,1,1,2,1,1,0
710,H,S,X,1,2,1,1,1,1,1,0
711,C,S,O,2,2,2,1,2,1,1,0
712,D,R,O,1,2,1,1,2,1,1,0
713,B,X,O,1,2,1,1,2,1,1,0
714,B,X,O,1,2,1,1,2,1,1,0
715,B,X,O,1,3,1,1,2,1,1,1
716,B,X,O,1,3,1,1,2,1,1,0
717,D,S,O,1,2,1,1,2,1,1,1
718,D,A,I,2,2,3,2,2,1,1,0
719,D,S,O,1,3,1,1,2,1,1,1
720,D,A,I,1,2,1,2,2,1,1,0
721,C,S,O,1,3,1,1,2,1,1,0
722,H,R,X,1,3,1,1,2,1,1,0
723,C,R,O,1,3,1,1,2,1,1,0
724,B,X,O,1,2,1,1,2,1,1,0
725,B,X,O,1,3,1,1,2,1,1,0
726,D,A,I,1,3,1,1,2,1,1,0
727,H,S,X,1,2,1,1,1,1,1,0
728,C,R,O,1,3,1,1,2,1,1,1
729,H,A,X,1,1,1,2,2,1,1,0
730,H,S,X,1,1,1,1,2,1,1,0
731,D,A,I,1,3,1,2,2,1,1,0
732,H,S,X,1,1,1,1,2,1,1,0
733,C,S,O,1,2,1,1,2,1,1,0
734,D,R,O,1,2,1,1,2,1,1,1
735,D,S,I,2,3,1,1,2,1,1,0
736,D,A,C,2,3,1,2,2,1,1,0
737,H,S,X,1,3,1,1,1,1,1,0
738,D,R,O,1,2,1,1,2,1,1,0
739,C,A,O,1,3,1,1,2,1,1,0
740,D,R,O,1,3,1,1,2,1,1,0
741,H,S,X,1,3,1,1,2,1,1,0
742,H,S,X,1,2,1,1,1,1,1,0
743,B,X,O,1,2,1,1,2,1,1,0
744,E,A,I,1,3,1,2,2,1,1,1
745,D,S,O,1,3,1,1,2,1,1,0
746,H,S,X,1,3,1,1,2,1,1,0
747,H,R,X,1,1,1,1,2,1,1,0
748,D,A,O,1,1,1,2,2,1,1,0
749,D,A,I,1,2,1,2,2,1,1,0
750,H,S,X,1,2,1,1,1,1,1,0
751,C,R,O,2,2,1,1,2,1,1,0
752,C,R,O,1,3,1,1,2,1,1,0
753,D,S,I,1,3,1,1,2,1,1,1
754,H,R,X,1,2,1,1,1,1,1,0
755,H,R,X,1,2,1,1,2,1,1,0
756,E,A,C,1,3,1,2,2,1,1,0
757,D,A,O,1,3,1,1,2,1,1,0
758,C,S,O,1,3,1,1,2,1,1,0
759,H,S,X,2,2,1,1,2,1,1,0
760,D,R,O,1,3,1,2,2,1,1,0
761,C,S,O,1,2,1,2,2,1,1,0
762,H,H,X,1,2,1,1,1,1,1,0
763,C,R,O,1,3,1,1,2,1,1,0
764,D,S,I,1,3,1,2,2,1,1,1
765,C,R,O,1,3,1,1,2,1,1,1
766,H,R,X,1,3,1,1,2,1,1,0
767,H,S,X,1,2,1,2,1,1,1,0
768,H,S,X,1,2,1,1,1,1,1,0
769,D,A,O,1,1,1,2,2,1,1,0
770,D,S,I,1,3,1,1,2,1,1,0
771,H,S,X,1,3,1,1,2,1,1,0
772,C,R,I,1,3,1,2,2,1,1,0
773,D,R,I,1,3,1,2,2,1,1,0
774,H,A,X,1,2,1,1,1,1,1,0
775,B,X,O,1,2,1,1,2,1,1,0
776,E,A,I,2,3,1,2,2,1,1,1
777,D,R,O,1,3,1,1,2,1,1,1
778,H,H,X,1,3,1,2,1,1,1,0
779,D,A,I,1,2,1,1,2,1,1,0
780,D,R,O,1,3,1,1,2,1,1,0
781,B,X,O,1,3,1,1,2,1,1,0
782,D,S,I,1,3,1,2,2,1,1,0
783,H,S,X,1,2,1,1,2,1,1,0
784,D,A,I,1,3,1,2,2,1,1,0
785,C,R,O,1,3,1,1,2,1,1,0
786,D,R,O,1,2,1,2,2,1,1,0
787,H,S,X,1,3,1,1,1,1,1,0
788,D,R,O,1,3,1,1,2,1,1,0
789,E,A,I,2,2,1,2,2,1,1,1
790,D,A,I,2,3,3,1,2,1,1,1
791,B,X,O,1,2,1,1,2,1,1,0
792,H,A,X,1,3,1,2,1,1,1,0
793,D,A,I,1,3,1,2,2,1,1,1
794,C,R,O,1,2,1,1,2,1,1,0
795,D,S,O,1,1,1,2,2,1,1,0
796,H,S,X,1,2,1,1,2,1,1,0
797,D,R,O,1,1,1,2,2,1,1,0
798,C,R,O,1,2,1,1,2,1,1,0
799,B,X,O,1,2,1,2,2,1,1,0
800,H,S,X,1,3,1,1,1,1,1,0
801,C,R,O,1,2,1,1,2,1,1,0
802,E,A,O,2,2,1,2,2,1,1,1
803,E,A,I,1,3,1,2,2,1,1,0
804,H,A,X,1,3,1,2,1,1,1,0
805,D,A,I,2,3,1,2,2,1,1,1
806,C,R,O,1,3,1,1,2,1,1,0
807,D,S,O,1,2,1,2,2,1,1,0
808,H,S,X,1,2,1,1,2,1,1,0
809,D,R,O,1,3,1,2,2,1,1,0
810,H,S,X,1,2,1,1,1,1,1,0
811,C,A,O,1,1,1,1,2,1,1,0
812,E,A,I,1,2,1,2,2,1,1,0
813,E,A,C,2,2,1,2,2,1,1,0
814,H,A,X,1,2,1,2,1,1,1,0
815,D,A,C,2,2,3,2,2,1,1,0
816,E,S,I,1,2,1,2,2,1,1,0
817,H,R,X,1,2,1,1,1,1,1,0
818,H,S,X,1,3,1,1,2,1,1,0
819,D,A,I,1,3,1,2,2,1,1,1
820,H,S,X,1,3,1,1,1,1,1,0
821,E,A,O,2,3,1,2,2,1,1,0
822,E,A,O,1,2,1,2,2,1,1,1
823,C,A,O,1,2,1,2,2,1,1,0
824,D,A,C,1,2,1,2,2,1,1,0
825,E,S,I,1,3,1,2,2,1,1,1
826,H,R,X,1,3,1,1,1,1,1,0
827,D,R,I,1,3,1,1,2,1,1,1
828,H,S,X,1,3,1,1,1,1,1,0
829,H,S,X,1,3,1,2,1,1,1,0
830,D,S,I,1,3,1,2,2,1,1,0
831,H,S,X,1,2,1,1,1,1,1,0
832,H,A,X,1,2,1,2,2,1,1,0
833,F,A,I,1,2,1,2,2,1,1,1
834,C,A,O,1,3,1,2,2,1,1,0
835,C,A,I,1,2,1,2,2,1,1,0
836,E,A,I,1,3,1,2,2,1,1,0
837,H,S,X,1,2,1,1,1,1,1,1
838,D,R,I,2,3,1,2,2,1,1,1
839,H,S,X,1,2,1,2,1,1,1,0
840,B,X,O,1,3,1,1,2,1,1,0
841,D,S,O,1,1,3,2,2,1,1,0
842,H,S,X,1,2,1,1,1,1,1,0
843,F,A,I,2,2,1,2,2,1,1,1
844,C,R,O,1,2,1,2,2,1,1,0
845,E,A,I,2,3,3,2,2,1,1,1
846,H,S,X,1,3,1,1,1,1,1,0
847,C,A,I,1,2,1,2,2,1,1,0
848,H,S,X,1,2,1,2,1,1,1,0
849,D,R,I,1,3,1,1,2,1,1,0
850,C,R,O,1,3,1,1,2,1,1,0
851,H,S,X,1,2,1,1,1,1,1,0
852,F,A,I,2,2,1,2,2,1,1,0
853,C,R,O,1,2,1,2,2,1,1,0
854,H,S,X,1,3,1,2,2,1,1,1
855,E,A,I,1,3,1,2,2,1,1,0
856,H,S,X,2,2,1,1,1,1,1,1
857,C,A,I,2,3,1,2,2,1,1,0
858,H,S,X,1,2,1,2,1,1,1,0
859,D,R,I,1,3,1,2,2,1,1,0
860,C,R,O,1,3,1,1,2,1,1,0
861,H,S,X,1,2,1,1,1,1,1,0
862,F,A,I,1,1,1,2,2,1,1,0
863,H,R,X,1,1,1,2,2,1,1,0
864,H,S,X,2,3,1,2,2,1,1,0
865,E,S,I,2,2,1,2,2,1,1,1
866,H,S,X,1,3,1,1,1,1,1,0
867,D,R,I,1,2,1,2,2,1,1,0
868,H,R,X,1,2,1,2,1,1,1,0
869,D,A,O,1,2,1,2,2,1,1,0
870,H,R,X,1,1,1,1,2,1,1,0
871,B,X,O,1,2,1,1,2,1,1,0
872,H,S,X,1,2,1,2,1,1,1,0
873,H,S,X,1,2,1,2,2,1,1,0
874,E,S,I,2,2,1,2,2,1,1,0
875,C,S,O,2,2,1,1,2,1,1,0
876,C,R,O,1,1,1,2,2,1,1,0
877,H,S,X,1,2,1,2,1,1,1,0
878,B,X,O,1,3,1,1,2,1,1,0
879,H,S,X,1,3,1,1,1,1,1,0
880,H,S,X,1,2,1,2,2,1,1,0
881,D,A,I,2,2,1,2,2,1,1,1
882,H,S,X,1,2,1,1,2,1,1,0
883,B,X,O,1,2,1,2,2,1,1,0
884,H,S,X,1,2,1,2,1,1,1,0
885,C,R,O,1,3,1,1,2,1,1,0
886,D,S,O,2,3,1,2,2,1,1,0
887,D,H,O,1,3,1,1,2,1,1,0
888,D,R,O,1,3,1,1,2,1,1,0
889,C,S,O,1,2,1,1,2,1,1,0
890,H,S,X,1,2,1,2,2,1,1,0
891,D,A,I,1,2,1,2,2,1,1,0
892,H,S,X,1,2,1,1,2,1,1,0
893,H,R,X,1,2,1,2,1,1,1,0
894,C,S,O,1,3,1,2,2,1,1,0
895,C,S,I,1,3,1,1,2,1,1,0
896,H,R,X,1,2,1,1,2,1,1,0
897,C,S,O,1,3,1,1,2,1,1,0
898,H,S,X,1,2,1,2,2,1,1,0
899,D,A,O,1,3,1,2,2,1,1,0
900,H,S,X,1,2,1,1,2,1,1,0
901,H,R,X,1,3,1,2,1,1,1,0
902,B,X,O,1,3,1,1,2,1,1,0
903,C,S,O,1,2,1,2,2,1,1,1
904,C,S,O,1,2,1,1,2,1,1,0
905,C,R,O,1,3,1,1,2,1,1,0
906,C,S,O,1,1,1,1,2,1,1,0
907,B,X,O,1,3,1,1,2,1,1,0
908,C,S,O,1,2,1,1,2,1,1,1
909,D,A,I,1,3,1,2,2,1,1,1
910,H,S,X,1,2,1,1,2,1,1,0
911,H,S,X,1,3,1,2,1,1,1,0
912,C,S,O,1,3,1,1,2,1,1,1
913,C,S,O,1,3,1,2,2,1,1,1
914,H,S,X,1,3,1,1,2,1,1,1
915,C,R,O,1,2,1,1,2,1,1,0
916,D,S,O,1,3,1,1,2,1,1,0
917,H,S,X,2,3,1,1,2,1,1,0
918,H,S,X,1,3,1,1,2,1,1,0
919,D,A,O,1,2,1,2,2,1,1,1
920,H,S,X,1,2,1,1,2,1,1,0
921,H,S,X,1,2,1,2,1,1,1,0
922,D,S,I,1,3,1,1,2,1,1,0
923,D,A,I,2,2,1,2,2,1,1,1
924,F,S,O,2,2,1,1,2,1,1,0
925,H,R,X,1,2,1,1,2,1,1,0
926,C,R,I,1,2,1,1,2,1,1,1
927,H,S,X,1,2,1,1,2,1,1,0
928,H,S,X,1,2,1,1,2,1,1,0
929,D,A,O,1,3,1,2,2,1,1,0
930,D,A,I,2,2,1,2,2,1,1,1
931,D,S,O,2,2,3,2,2,1,1,0
932,F,H,O,1,2,1,1,2,1,1,0
933,C,R,O,1,3,1,1,2,1,1,0
934,D,R,I,1,3,1,1,2,1,1,0
935,C,S,O,1,2,1,1,2,1,1,0
936,H,R,X,1,2,1,1,2,1,1,0
937,H,R,X,1,3,1,1,1,1,1,0
938,D,S,O,1,3,1,1,2,1,1,0
939,D,S,I,1,1,1,2,2,1,1,0
940,C,R,I,1,2,1,2,2,1,1,1
941,C,S,O,1,3,1,1,2,1,1,0
942,B,X,I,2,2,1,2,2,1,1,0
943,H,S,X,1,3,1,1,2,1,1,0
944,B,X,O,1,3,1,1,2,1,1,0
945,C,S,I,1,3,1,1,2,1,1,0
946,H,R,X,2,1,1,2,2,1,1,0
947,C,S,O,1,2,1,2,2,1,1,0
948,H,S,X,1,2,1,1,2,1,1,0
949,B,X,I,1,2,1,2,2,1,1,1
950,C,S,O,1,2,1,1,2,1,1,0
951,B,X,O,1,3,1,1,2,1,1,0
952,D,A,O,1,3,1,1,2,1,1,0
953,C,S,O,1,2,1,1,2,1,1,0
954,B,X,O,1,3,1,1,2,1,1,0
955,C,S,O,2,2,1,2,2,1,1,0
956,C,S,I,1,3,1,1,2,1,1,0
957,C,R,O,1,2,1,2,2,1,1,0
958,C,S,O,1,3,1,1,2,1,1,0
959,D,A,I,1,2,1,1,2,1,1,0
960,E,A,I,1,3,1,1,2,1,1,0
961,H,R,X,1,3,1,1,2,1,1,0
962,C,R,O,1,3,1,1,2,1,1,0
963,H,S,X,1,1,1,2,2,1,1,0
964,D,S,O,1,2,1,1,2,1,1,0
965,C,S,O,2,3,1,2,2,1,1,0
966,C,S,O,1,3,1,1,2,1,1,0
967,D,A,O,1,2,1,2,2,1,1,0
968,F,S,I,1,3,1,2,2,1,1,1
969,D,A,I,1,2,1,1,2,1,1,0
970,C,R,O,1,3,1,1,2,1,1,0
971,D,A,I,1,3,1,1,2,1,1,1
972,E,S,O,1,3,1,1,2,1,1,1
973,H,S,X,1,2,1,2,2,1,1,0
974,C,S,O,1,2,1,1,2,1,1,0
975,H,S,X,1,1,1,1,2,1,1,0
976,C,S,O,1,3,1,2,2,1,1,0
977,F,S,I,1,3,1,2,2,1,1,1
978,D,R,O,1,2,1,2,2,1,1,0
979,D,A,I,2,3,1,2,2,1,1,0
980,D,R,C,2,3,1,1,2,1,1,1
981,H,K,X,1,3,1,1,1,1,1,0
982,C,R,O,1,2,1,1,2,1,1,0
983,H,S,X,1,2,1,1,2,1,1,0
984,H,A,X,1,1,1,2,2,1,1,0
985,F,S,I,2,2,1,2,2,1,1,0
986,B,X,O,1,2,1,2,2,1,1,0
987,D,S,I,1,2,1,2,2,1,1,0
988,E,H,C,2,3,1,2,2,1,1,0
989,B,X,O,1,2,1,1,2,1,1,0
990,C,H,O,1,3,1,2,2,1,1,0
991,B,X,O,1,3,1,1,2,1,1,0
992,H,R,X,1,2,1,1,2,1,1,0
993,H,R,X,1,3,1,2,2,1,1,0
994,F,R,I,1,2,1,2,2,1,1,1
995,H,S,X,1,1,1,2,2,1,1,0
996,D,A,I,1,3,1,2,2,1,1,1
997,E,K,I,2,3,1,2,2,2,1,1
998,F,H,O,1,2,1,2,2,1,1,1
999,B,X,O,1,3,1,1,2,1,1,0
1000,H,R,X,1,2,1,1,2,1,1,0
1001,B,X,O,1,2,1,2,2,1,1,0
1002,D,A,I,1,2,1,2,2,1,1,1
1003,F,K,I,1,2,1,2,2,1,1,1
1004,E,H,O,2,2,1,2,2,1,1,1
1005,B,X,I,1,3,1,1,2,1,1,0
1006,H,S,X,1,2,1,2,1,1,1,0
1007,H,R,X,1,2,1,1,2,1,1,0
1008,B,X,O,1,1,1,2,2,1,1,0
1009,D,S,I,2,2,1,2,2,1,1,1
1010,E,K,I,2,2,1,2,2,1,1,1
1011,F,H,O,1,3,1,2,2,1,1,0
1012,C,R,O,1,3,1,1,2,1,1,0
1013,C,S,O,1,3,1,2,2,1,1,0
1014,H,R,X,1,1,1,2,2,1,1,0
1015,B,X,I,1,1,1,2,2,1,1,0
1016,F,K,I,1,2,1,2,2,1,1,1
1017,D,H,I,2,3,1,2,2,1,1,0
1018,C,R,O,1,2,1,1,2,1,1,0
1019,H,S,X,1,3,1,2,2,1,1,0
1020,H,R,X,1,2,1,1,2,1,1,0
1021,B,X,O,1,3,1,1,2,1,1,0
1022,H,S,X,1,3,1,1,1,1,1,0
1023,H,R,X,1,3,1,2,2,1,1,0
1024,F,A,I,2,3,1,2,2,2,1,1
1025,E,H,I,1,3,1,2,2,1,1,1
1026,H,S,X,1,2,1,2,2,1,1,0
1027,H,R,X,1,2,1,1,2,1,1,0
1028,H,S,X,1,3,1,1,1,1,1,0
1029,H,R,X,1,3,1,2,2,1,1,0
1030,F,A,I,2,3,1,2,2,1,1,0
1031,E,H,I,1,3,1,2,2,1,1,1
1032,H,S,X,1,3,1,2,2,1,1,0
1033,H,R,X,1,3,1,1,2,1,1,0
1034,H,S,X,1,3,1,1,1,1,1,0
1035,B,X,O,1,3,1,1,2,1,1,0
1036,F,A,I,2,2,3,2,2,1,1,0
1037,E,H,O,2,2,2,2,2,1,1,0
1038,H,S,X,1,2,1,2,2,1,1,0
1039,H,R,X,1,2,1,1,2,1,1,0
1040,C,S,I,1,3,1,1,2,1,1,0
1041,F,A,I,1,2,1,2,2,1,1,1
1042,E,H,O,2,2,1,2,2,1,1,1
1043,H,S,X,1,3,1,2,2,1,1,0
1044,H,R,X,1,3,1,1,2,1,1,0
1045,D,S,I,1,3,1,1,2,1,1,0
1046,F,A,I,1,2,1,2,2,1,1,0
1047,E,A,O,1,2,1,2,2,1,1,1
1048,H,S,X,1,3,1,2,2,1,1,0
1049,D,S,I,1,3,1,2,2,1,1,0
1050,C,R,O,1,2,1,1,2,1,1,0
1051,B,X,O,1,3,1,1,2,1,1,0
1052,F,A,I,2,2,1,2,2,1,1,1
1053,H,S,X,1,3,1,2,2,1,1,0
1054,D,A,O,1,3,1,2,2,1,1,0
1055,B,X,O,1,3,1,1,2,1,1,0
1056,B,X,O,1,2,1,1,2,1,1,0
1057,B,X,O,1,2,1,1,2,1,1,0
1058,B,X,I,1,3,1,1,2,1,1,0
1059,E,S,O,1,1,1,2,2,1,1,0
1060,D,A,I,1,3,1,2,2,1,1,0
1061,H,R,X,1,3,1,1,2,1,1,0
1062,C,R,O,1,3,1,1,2,1,1,0
1063,B,X,O,1,3,1,1,2,1,1,0
1064,H,S,X,1,2,1,2,1,1,1,0
1065,H,R,X,2,2,1,2,2,1,1,0
1066,C,S,O,1,3,1,1,2,1,1,0
1067,D,A,I,1,3,1,2,2,1,1,0
1068,H,R,X,1,2,1,1,2,1,1,0
1069,B,X,O,1,2,1,1,2,1,1,0
1070,C,R,O,1,2,1,1,2,1,1,0
1071,H,S,X,1,2,1,2,1,1,1,0
1072,B,X,I,1,3,1,1,2,1,1,0
1073,H,S,X,1,2,1,1,1,1,1,0
1074,H,A,X,1,2,1,1,2,1,1,0
1075,C,A,O,1,2,1,2,2,1,1,0
1076,B,X,O,1,3,1,1,2,1,1,0
1077,B,X,I,1,3,1,1,2,1,1,0
1078,B,X,O,1,3,1,1,2,1,1,0
1079,H,S,X,1,3,1,2,1,1,1,0
1080,C,R,O,1,3,1,1,2,1,1,0
1081,C,S,O,1,3,1,1,2,1,1,0
1082,H,A,X,1,3,1,1,2,1,1,0
1083,E,A,O,1,3,1,2,2,1,1,0
1084,B,X,O,1,3,1,1,2,1,1,0
1085,H,S,X,1,2,1,2,1,1,1,0
1086,C,R,O,1,2,1,1,2,1,1,0
1087,H,S,X,1,3,1,1,2,1,1,0
1088,C,A,O,1,2,1,2,2,1,1,0
1089,C,R,O,1,3,1,1,2,1,1,0
1090,H,S,X,1,2,1,2,1,1,1,0
1091,H,R,X,1,1,1,1,2,1,1,1
1092,H,S,X,1,1,1,1,2,1,1,0
1093,C,S,I,1,3,1,1,2,1,1,1
1094,H,A,X,1,3,1,2,1,1,1,0
1095,B,X,I,1,2,1,1,2,1,1,0
1096,H,S,X,1,2,1,1,2,1,1,0
1097,B,X,O,2,2,1,2,2,1,1,1
1098,C,S,O,1,2,1,1,2,1,1,0
1099,C,A,O,1,3,1,2,2,1,1,0
1100,B,X,O,2,2,1,1,2,1,1,0
1101,H,S,X,1,2,1,1,2,1,1,0
1102,H,R,X,1,2,1,1,2,1,1,0
1103,C,R,O,1,3,1,1,2,1,1,0
1104,B,X,O,1,3,1,1,2,1,1,0
1105,C,S,O,2,2,1,1,2,1,1,0
1106,H,A,X,1,2,1,2,2,1,1,0
1107,B,X,O,1,1,1,1,2,1,1,0
1108,H,S,X,1,2,1,1,2,1,1,0
1109,B,X,O,1,3,1,1,2,1,1,0
1110,H,R,X,1,2,1,1,2,1,1,0
1111,C,R,O,1,2,1,1,2,1,1,0
1112,H,A,X,1,2,1,2,2,1,1,0
1113,H,H,X,1,3,1,1,2,1,1,0
1114,B,X,O,1,1,1,1,2,1,1,0
1115,H,R,X,1,1,1,1,2,1,1,0
1116,H,S,X,1,2,1,1,2,1,1,1
1117,C,R,O,1,3,1,1,2,1,1,0
1118,H,A,X,1,3,1,2,2,1,1,0
1119,H,H,X,1,2,1,1,2,1,1,0
1120,B,X,O,1,3,1,1,2,1,1,0
1121,H,S,X,1,2,1,1,2,1,1,1
1122,C,R,O,1,2,1,1,2,1,1,0
1123,B,X,O,1,1,1,2,2,1,1,0
1124,H,S,X,1,2,1,1,2,1,1,0
1125,C,S,O,2,2,1,1,2,1,1,0
1126,B,X,O,1,3,1,1,2,1,1,1
1127,C,S,O,1,2,1,1,2,1,1,0
1128,B,X,O,1,2,1,2,2,1,1,0
1129,H,S,X,1,3,1,1,2,1,1,0
1130,C,S,O,2,3,1,1,2,1,1,0
1131,B,X,O,2,3,1,1,2,1,1,0
1132,C,S,O,1,3,1,1,2,1,1,0
1133,B,X,O,1,2,1,1,2,1,1,0
1134,H,S,X,1,3,1,1,1,1,1,0
1135,H,A,X,1,3,1,1,1,1,1,0
1136,H,A,X,1,3,1,1,1,1,1,0
1137,H,A,X,1,2,1,1,1,1,1,0
1138,H,A,X,1,2,1,1,1,1,1,0
1139,H,S,X,1,3,1,1,2,1,1,0
1140,D,A,I,1,3,1,2,2,1,1,1
1141,H,S,X,1,2,1,1,2,1,1,0
1142,D,R,O,1,2,1,1,2,1,1,1
1143,D,A,I,1,3,1,1,2,1,1,1
1144,C,A,O,1,3,1,1,2,1,1,0
1145,H,S,X,1,2,1,1,1,1,1,0
1146,H,S,X,1,2,1,1,1,1,1,0
1147,C,S,O,1,3,1,1,2,1,1,0
1148,B,X,O,1,3,1,1,2,1,1,0
1149,H,S,X,1,2,1,1,1,1,1,0
1150,H,S,X,1,3,1,1,2,1,1,0
1151,D,A,I,1,3,1,2,2,1,1,1
1152,H,S,X,1,2,1,1,2,1,1,0
1153,D,R,O,1,3,1,1,2,1,1,0
1154,D,A,I,1,3,1,2,2,1,1,1
1155,C,A,O,1,3,1,1,2,1,1,0
1156,H,S,X,1,2,1,1,1,1,1,0
1157,H,S,X,1,2,1,1,1,1,1,0
1158,H,S,X,1,2,1,1,2,1,1,0
1159,H,S,X,1,3,1,1,1,1,1,1
1160,D,H,O,1,3,1,2,2,1,1,0
1161,H,S,X,1,2,1,1,2,1,1,0
1162,C,R,O,2,2,1,1,2,1,1,0
1163,D,S,O,2,2,2,2,2,1,1,1
1164,C,R,O,1,2,1,1,2,1,1,0
1165,H,S,X,1,3,1,1,1,1,1,0
1166,H,S,X,1,3,1,1,1,1,1,0
1167,C,S,O,1,3,1,1,2,1,1,1
1168,F,A,I,1,3,1,1,2,1,1,0
1169,E,S,O,1,2,1,2,2,1,1,0
1170,H,S,X,1,2,1,1,2,1,1,0
1171,D,R,O,1,2,1,1,2,1,1,0
1172,C,S,O,2,2,3,2,2,1,1,0
1173,H,S,X,1,1,1,1,2,1,1,0
1174,D,S,O,1,1,1,1,2,1,1,0
1175,C,S,O,1,3,1,1,2,1,1,0
1176,D,A,I,2,3,1,1,2,1,1,1
1177,C,A,O,1,3,1,2,2,1,1,0
1178,H,S,X,1,2,1,2,1,1,1,0
1179,H,S,X,1,2,1,1,2,1,1,0
1180,C,R,O,1,2,1,1,2,1,1,0
1181,H,S,X,1,1,2,2,2,1,1,0
1182,C,S,O,1,3,1,1,2,1,1,0
1183,C,S,O,1,3,1,1,2,1,1,0
1184,D,K,I,2,3,1,2,2,1,1,1
1185,E,A,I,1,3,1,2,2,1,1,1
1186,H,S,X,1,2,1,2,1,1,1,0
1187,C,R,O,1,3,1,1,2,1,1,0
1188,H,S,X,1,3,1,1,2,1,1,0
1189,C,R,O,1,2,1,1,2,1,1,0
1190,H,S,X,1,3,1,2,2,1,1,0
1191,C,S,O,1,2,1,1,2,1,1,0
1192,C,S,O,1,2,1,1,2,1,1,0
1193,D,K,I,2,3,1,2,2,1,1,0
1194,E,A,I,1,2,1,2,2,1,1,0
1195,H,S,X,1,3,1,2,1,1,1,0
1196,C,R,O,1,3,1,1,2,1,1,0
1197,B,X,O,1,3,1,1,2,1,1,0
1198,B,X,O,1,2,1,1,2,1,1,1
1199,H,S,X,1,2,1,1,2,1,1,0
1200,H,R,X,1,1,1,1,2,1,1,0
1201,H,S,X,1,2,1,2,2,1,1,0
1202,H,S,X,1,1,1,1,2,1,1,0
1203,H,S,X,1,2,1,1,2,1,1,0
1204,D,A,I,2,2,1,2,2,1,1,1
1205,D,S,I,2,3,1,2,2,1,1,0
1206,H,S,X,1,2,1,2,1,1,1,0
1207,C,R,O,1,2,1,1,2,1,1,0
1208,D,R,O,1,3,1,1,2,1,1,0
1209,D,S,O,1,3,1,1,2,1,1,1
1210,H,S,X,1,2,1,2,2,1,1,0
1211,H,S,X,1,2,1,1,2,1,1,0
1212,H,S,X,1,1,1,1,2,1,1,0
1213,D,S,O,1,2,1,2,2,1,1,1
1214,D,S,O,1,2,1,2,2,1,1,0
1215,H,S,X,1,2,1,2,1,1,1,0
1216,D,S,O,1,3,1,1,2,1,1,0
1217,E,S,O,2,3,3,1,2,1,1,0
1218,B,X,O,1,3,1,1,2,1,1,0
1219,H,S,X,1,3,1,2,2,1,1,0
1220,H,S,X,1,2,1,1,2,1,1,0
1221,H,S,X,1,2,1,1,2,1,1,0
1222,D,K,I,2,2,1,2,2,1,1,1
1223,C,S,O,1,2,1,2,2,1,1,0
1224,H,S,X,1,3,1,2,1,1,1,0
1225,B,X,O,1,3,1,1,2,1,1,0
1226,D,A,I,1,3,1,1,2,1,1,1
1227,C,S,O,2,2,2,1,2,1,1,0
1228,D,R,O,1,3,1,1,2,1,1,0
1229,H,S,X,1,2,1,2,2,1,1,0
1230,H,S,X,1,2,1,1,2,1,1,0
1231,H,S,X,1,3,1,1,2,1,1,0
1232,D,K,I,2,2,1,2,2,1,1,0
1233,C,S,O,1,2,1,2,2,1,1,0
1234,H,S,X,1,3,1,2,1,1,1,0
1235,B,X,O,1,1,1,1,2,1,1,0
1236,D,A,I,1,3,1,2,2,1,1,0
1237,C,S,O,1,2,1,1,2,1,1,0
1238,D,R,O,1,3,1,1,2,1,1,0
1239,H,S,X,1,2,1,2,2,1,1,0
1240,H,S,X,1,2,1,1,2,1,1,0
1241,E,A,O,1,2,1,2,2,1,1,1
1242,C,S,O,1,1,1,2,2,1,1,0
1243,H,S,X,1,3,1,2,1,1,1,0
1244,H,R,X,1,2,1,1,2,1,1,0
1245,E,A,C,2,2,1,2,2,1,1,0
1246,D,A,I,1,3,1,1,2,1,1,0
1247,D,A,I,1,3,1,1,2,1,1,0
1248,E,S,I,1,3,1,1,2,1,1,0
1249,D,S,I,1,3,1,1,2,1,1,0
1250,H,S,X,1,2,1,1,2,1,1,0
1251,C,A,O,2,2,3,2,2,1,1,0
1252,C,S,O,1,3,1,2,2,1,1,0
1253,H,S,X,1,2,1,2,1,1,1,0
1254,H,R,X,1,3,1,1,2,1,1,0
1255,E,A,I,1,2,1,2,2,1,1,0
1256,D,K,I,1,3,1,2,2,1,1,1
1257,D,A,O,1,3,1,2,2,1,1,0
1258,E,K,I,1,3,1,2,2,2,1,0
1259,D,K,I,1,3,1,2,2,1,1,0
1260,H,R,X,1,3,1,1,2,1,1,0
1261,H,S,X,1,3,1,1,1,1,1,0
1262,C,A,O,1,2,1,2,2,1,1,0
1263,C,S,O,1,2,1,2,2,1,1,0
1264,H,S,X,1,3,1,2,1,1,1,0
1265,D,K,I,2,2,1,2,2,1,1,0
1266,B,X,O,1,2,1,2,2,1,1,0
1267,E,K,I,1,2,1,2,2,1,1,1
1268,D,K,I,1,3,1,2,2,1,1,1
1269,H,R,X,1,3,1,1,2,1,1,1
1270,H,S,X,1,3,1,1,1,1,1,0
1271,H,S,X,1,1,1,2,2,1,1,0
1272,H,S,X,1,3,1,2,1,1,1,0
1273,D,A,I,1,2,1,2,2,1,1,0
1274,F,K,C,1,2,1,2,2,2,1,1
1275,E,K,C,2,3,1,2,2,2,1,0
1276,D,A,I,1,3,1,1,2,1,1,1
1277,C,R,O,1,3,1,1,2,1,1,0
1278,H,R,X,1,2,1,1,2,1,1,0
1279,B,X,O,1,3,1,1,2,1,1,0
1280,H,S,X,1,2,1,2,1,1,1,0
1281,D,A,I,1,2,1,2,2,1,1,1
1282,E,K,C,2,2,3,2,2,2,1,0
1283,F,K,C,1,3,1,2,2,2,1,0
1284,D,K,C,2,3,1,2,2,2,1,1
1285,C,S,I,1,2,1,1,2,1,1,0
1286,H,S,X,1,3,1,1,2,1,1,0
1287,D,A,I,1,3,1,1,2,1,1,0
1288,D,S,O,1,3,1,1,2,1,1,0
1289,H,S,X,1,2,1,1,1,1,1,0
1290,B,X,O,1,3,1,1,2,1,1,0
1291,H,S,X,1,2,1,2,1,1,1,0
1292,D,S,O,1,1,1,2,2,1,1,0
1293,E,K,C,2,3,3,2,2,2,1,1
1294,F,K,I,1,2,1,2,2,2,1,0
1295,E,K,C,2,3,3,2,2,2,1,1
1296,C,R,I,1,2,1,1,2,1,1,0
1297,B,S,O,1,3,1,1,2,1,1,0
1298,D,A,O,1,3,1,2,2,1,1,1
1299,C,R,O,1,3,1,1,2,1,1,0
1300,H,S,X,1,3,1,1,1,1,1,0
1301,C,R,O,1,2,1,1,2,1,1,0
1302,H,S,X,1,2,1,2,1,1,1,0
1303,H,S,X,2,2,1,2,2,1,1,0
1304,E,K,C,2,2,3,2,2,2,1,1
1305,E,K,I,1,3,1,2,2,2,1,1
1306,E,K,C,2,2,3,2,2,2,1,0
1307,B,S,O,1,2,1,1,2,1,1,0
1308,E,A,I,1,3,1,2,2,1,1,0
1309,D,R,I,1,3,1,1,2,1,1,0
1310,H,S,X,1,2,1,1,1,1,1,0
1311,C,R,O,1,3,1,1,2,1,1,0
1312,H,S,X,1,3,1,2,2,1,1,0
1313,E,K,C,2,2,2,2,2,2,1,1
1314,E,A,I,1,2,1,2,2,1,1,1
1315,H,S,X,1,2,1,1,2,1,1,0
1316,E,A,O,2,2,1,2,2,1,1,0
1317,D,R,I,1,3,1,2,2,1,1,0
1318,H,S,X,1,2,1,1,1,1,1,0
1319,H,R,X,1,3,1,1,2,1,1,0
1320,D,S,O,1,3,1,1,2,1,1,0
1321,H,R,X,1,2,1,1,1,1,1,0
1322,E,K,C,2,2,2,2,2,2,1,0
1323,F,S,I,2,2,1,2,2,1,1,1
1324,D,S,I,1,3,1,1,2,1,1,1
1325,H,S,X,1,3,1,1,2,1,1,0
1326,D,S,O,1,3,1,2,2,1,1,0
1327,D,A,I,1,2,1,2,2,1,1,0
1328,H,A,X,1,3,1,1,1,1,1,0
1329,D,S,O,1,2,1,1,2,1,1,0
1330,H,S,X,1,2,1,1,1,1,1,0
1331,C,S,O,1,3,1,1,2,1,1,0
1332,H,S,X,1,2,1,2,1,1,1,0
1333,E,K,C,2,3,1,2,2,2,1,1
1334,F,A,I,2,2,1,2,2,1,1,0
1335,C,S,O,1,2,1,2,2,1,1,0
1336,D,A,I,1,2,1,2,2,1,1,0
1337,H,A,X,1,2,1,1,1,1,1,0
1338,B,X,O,1,3,1,1,2,1,1,0
1339,H,S,X,1,3,1,1,1,1,1,0
1340,D,A,O,1,3,1,1,2,1,1,0
1341,D,H,O,1,3,1,2,2,1,1,0
1342,D,S,O,1,3,1,1,2,1,1,1
1343,E,K,C,2,2,1,2,2,1,1,0
1344,F,A,I,1,2,1,2,2,1,1,0
1345,C,S,O,1,2,1,2,2,1,1,0
1346,D,A,I,1,1,1,2,2,1,1,1
1347,H,A,X,1,2,1,1,1,1,1,0
1348,H,S,X,1,2,1,1,1,1,1,0
1349,D,A,O,1,2,1,1,2,1,1,0
1350,D,H,O,1,3,1,2,2,1,1,0
1351,D,S,O,1,3,1,1,2,1,1,0
1352,H,S,X,1,1,1,2,2,1,1,0
1353,F,S,I,1,3,1,2,2,1,1,0
1354,H,S,X,1,3,1,1,1,1,1,0
1355,B,X,I,1,2,1,1,2,1,1,0
1356,D,H,O,1,2,1,2,2,1,1,0
1357,D,R,O,1,3,1,1,2,1,1,0
1358,D,A,I,2,3,2,1,2,1,1,0
1359,H,S,X,1,2,1,1,1,1,1,0
1360,C,R,O,1,3,1,1,2,1,1,1
1361,C,R,O,1,2,1,1,2,1,1,0
1362,D,H,O,1,2,1,2,2,1,1,0
1363,C,S,O,1,2,1,1,2,1,1,0
1364,E,A,I,1,2,1,2,2,1,1,0
1365,H,S,X,1,2,1,1,1,1,1,1
1366,C,S,O,1,3,1,1,2,1,1,0
1367,H,S,X,1,2,1,1,2,1,1,0
1368,D,S,O,1,3,1,2,2,1,1,0
1369,B,X,O,1,1,1,1,2,1,1,0
1370,E,A,O,1,2,1,2,2,1,1,1
1371,H,S,X,1,3,1,1,1,1,1,1
1372,H,S,X,1,3,1,1,1,1,1,0
1373,H,S,X,1,2,1,1,2,1,1,0
1374,H,S,X,1,2,1,1,2,1,1,1
1375,D,H,O,1,3,1,2,2,1,1,0
1376,E,A,I,2,2,1,2,2,1,1,0
1377,D,S,O,1,3,1,1,2,1,1,0
1378,H,S,X,1,1,1,1,1,1,1,0
1379,H,S,X,1,2,1,1,2,1,1,0
1380,H,S,X,1,2,1,1,2,1,1,1
1381,D,S,O,1,2,1,2,2,1,1,0
1382,H,S,X,1,2,2,2,2,1,1,0
1383,H,S,X,2,2,1,1,2,1,1,0
1384,D,R,O,1,3,1,1,2,1,1,0
1385,H,S,X,1,2,1,1,1,1,1,0
1386,H,S,X,2,2,1,1,2,1,1,0
1387,C,S,O,1,2,1,2,2,1,1,0
1388,H,R,X,1,2,1,1,2,1,1,0
1389,B,X,O,1,1,1,1,2,1,1,0
